# BlinkenLights Movie
# name=ALL YOUR BASE
# description=Scrolltext "ALL YOUR BASE ARE BELONG TO US" Bold
# duration=29550

@150
000000000000000000
000000000000000000
000000000000000000
000000000000000000
000000000000000000
000000000000000000
000000000000000000
000000000000000000

@150
000000000000000000
000000000000000000
000000000000000000
000000000000000001
000000000000000001
000000000000000001
000000000000000001
000000000000000000

@150
000000000000000000
000000000000000000
000000000000000001
000000000000000011
000000000000000011
000000000000000011
000000000000000011
000000000000000000

@150
000000000000000000
000000000000000000
000000000000000011
000000000000000110
000000000000000111
000000000000000110
000000000000000110
000000000000000000

@150
000000000000000000
000000000000000000
000000000000000111
000000000000001100
000000000000001111
000000000000001100
000000000000001100
000000000000000000

@150
000000000000000000
000000000000000000
000000000000001111
000000000000011001
000000000000011111
000000000000011001
000000000000011001
000000000000000000

@150
000000000000000000
000000000000000000
000000000000011110
000000000000110011
000000000000111111
000000000000110011
000000000000110011
000000000000000000

@150
000000000000000000
000000000000000000
000000000000111100
000000000001100110
000000000001111110
000000000001100110
000000000001100110
000000000000000000

@150
000000000000000000
000000000000000000
000000000001111001
000000000011001101
000000000011111101
000000000011001101
000000000011001101
000000000000000000

@150
000000000000000000
000000000000000000
000000000011110011
000000000110011011
000000000111111011
000000000110011011
000000000110011011
000000000000000000

@150
000000000000000000
000000000000000000
000000000111100110
000000001100110110
000000001111110110
000000001100110110
000000001100110111
000000000000000000

@150
000000000000000000
000000000000000000
000000001111001100
000000011001101100
000000011111101100
000000011001101100
000000011001101111
000000000000000000

@150
000000000000000000
000000000000000000
000000011110011000
000000110011011000
000000111111011000
000000110011011000
000000110011011111
000000000000000000

@150
000000000000000000
000000000000000000
000000111100110000
000001100110110000
000001111110110000
000001100110110000
000001100110111110
000000000000000000

@150
000000000000000000
000000000000000000
000001111001100001
000011001101100001
000011111101100001
000011001101100001
000011001101111101
000000000000000000

@150
000000000000000000
000000000000000000
000011110011000011
000110011011000011
000111111011000011
000110011011000011
000110011011111011
000000000000000000

@150
000000000000000000
000000000000000000
000111100110000110
001100110110000110
001111110110000110
001100110110000110
001100110111110111
000000000000000000

@150
000000000000000000
000000000000000000
001111001100001100
011001101100001100
011111101100001100
011001101100001100
011001101111101111
000000000000000000

@150
000000000000000000
000000000000000000
011110011000011000
110011011000011000
111111011000011000
110011011000011000
110011011111011111
000000000000000000

@150
000000000000000000
000000000000000000
111100110000110000
100110110000110000
111110110000110000
100110110000110000
100110111110111110
000000000000000000

@150
000000000000000000
000000000000000000
111001100001100000
001101100001100000
111101100001100000
001101100001100000
001101111101111100
000000000000000000

@150
000000000000000000
000000000000000000
110011000011000000
011011000011000000
111011000011000000
011011000011000000
011011111011111000
000000000000000000

@150
000000000000000000
000000000000000000
100110000110000000
110110000110000000
110110000110000000
110110000110000000
110111110111110000
000000000000000000

@150
000000000000000000
000000000000000000
001100001100000001
101100001100000001
101100001100000000
101100001100000000
101111101111100000
000000000000000000

@150
000000000000000000
000000000000000000
011000011000000011
011000011000000011
011000011000000001
011000011000000000
011111011111000000
000000000000000000

@150
000000000000000000
000000000000000000
110000110000000110
110000110000000110
110000110000000011
110000110000000001
111110111110000001
000000000000000000

@150
000000000000000000
000000000000000000
100001100000001100
100001100000001100
100001100000000111
100001100000000011
111101111100000011
000000000000000000

@150
000000000000000000
000000000000000000
000011000000011001
000011000000011001
000011000000001111
000011000000000110
111011111000000110
000000000000000000

@150
000000000000000000
000000000000000000
000110000000110011
000110000000110011
000110000000011110
000110000000001100
110111110000001100
000000000000000000

@150
000000000000000000
000000000000000000
001100000001100110
001100000001100110
001100000000111100
001100000000011000
101111100000011000
000000000000000000

@150
000000000000000000
000000000000000000
011000000011001100
011000000011001101
011000000001111001
011000000000110001
011111000000110000
000000000000000000

@150
000000000000000000
000000000000000000
110000000110011001
110000000110011011
110000000011110011
110000000001100011
111110000001100001
000000000000000000

@150
000000000000000000
000000000000000000
100000001100110011
100000001100110110
100000000111100110
100000000011000110
111100000011000011
000000000000000000

@150
000000000000000000
000000000000000000
000000011001100111
000000011001101100
000000001111001100
000000000110001100
111000000110000111
000000000000000000

@150
000000000000000000
000000000000000000
000000110011001111
000000110011011001
000000011110011001
000000001100011001
110000001100001111
000000000000000000

@150
000000000000000000
000000000000000000
000001100110011110
000001100110110011
000000111100110011
000000011000110011
100000011000011110
000000000000000000

@150
000000000000000000
000000000000000000
000011001100111100
000011001101100110
000001111001100110
000000110001100110
000000110000111100
000000000000000000

@150
000000000000000000
000000000000000000
000110011001111001
000110011011001101
000011110011001101
000001100011001101
000001100001111000
000000000000000000

@150
000000000000000000
000000000000000000
001100110011110011
001100110110011011
000111100110011011
000011000110011011
000011000011110001
000000000000000000

@150
000000000000000000
000000000000000000
011001100111100110
011001101100110110
001111001100110110
000110001100110110
000110000111100011
000000000000000000

@150
000000000000000000
000000000000000000
110011001111001100
110011011001101100
011110011001101100
001100011001101100
001100001111000111
000000000000000000

@150
000000000000000000
000000000000000000
100110011110011001
100110110011011001
111100110011011001
011000110011011001
011000011110001111
000000000000000000

@150
000000000000000000
000000000000000000
001100111100110011
001101100110110011
111001100110110011
110001100110110011
110000111100011110
000000000000000000

@150
000000000000000000
000000000000000000
011001111001100110
011011001101100110
110011001101100110
100011001101100110
100001111000111100
000000000000000000

@150
000000000000000000
000000000000000000
110011110011001101
110110011011001101
100110011011001101
000110011011001101
000011110001111001
000000000000000000

@150
000000000000000000
000000000000000000
100111100110011011
101100110110011011
001100110110011011
001100110110011011
000111100011110011
000000000000000000

@150
000000000000000000
000000000000000000
001111001100110111
011001101100110110
011001101100110111
011001101100110110
001111000111100110
000000000000000000

@150
000000000000000000
000000000000000000
011110011001101111
110011011001101100
110011011001101111
110011011001101100
011110001111001100
000000000000000000

@150
000000000000000000
000000000000000000
111100110011011111
100110110011011001
100110110011011111
100110110011011001
111100011110011001
000000000000000000

@150
000000000000000000
000000000000000000
111001100110111110
001101100110110011
001101100110111110
001101100110110011
111000111100110011
000000000000000000

@150
000000000000000000
000000000000000000
110011001101111100
011011001101100110
011011001101111100
011011001101100110
110001111001100110
000000000000000000

@150
000000000000000000
000000000000000000
100110011011111000
110110011011001100
110110011011111000
110110011011001100
100011110011001100
000000000000000000

@150
000000000000000000
000000000000000000
001100110111110000
101100110110011000
101100110111110000
101100110110011000
000111100110011000
000000000000000000

@150
000000000000000000
000000000000000000
011001101111100000
011001101100110000
011001101111100000
011001101100110000
001111001100110000
000000000000000000

@150
000000000000000000
000000000000000000
110011011111000001
110011011001100001
110011011111000001
110011011001100001
011110011001100001
000000000000000000

@150
000000000000000000
000000000000000000
100110111110000011
100110110011000011
100110111110000011
100110110011000011
111100110011000011
000000000000000000

@150
000000000000000000
000000000000000000
001101111100000111
001101100110000110
001101111100000111
001101100110000110
111001100110000111
000000000000000000

@150
000000000000000000
000000000000000000
011011111000001111
011011001100001100
011011111000001111
011011001100001100
110011001100001111
000000000000000000

@150
000000000000000000
000000000000000000
110111110000011111
110110011000011001
110111110000011111
110110011000011001
100110011000011111
000000000000000000

@150
000000000000000000
000000000000000000
101111100000111110
101100110000110011
101111100000111110
101100110000110011
001100110000111110
000000000000000000

@150
000000000000000000
000000000000000000
011111000001111100
011001100001100110
011111000001111100
011001100001100110
011001100001111100
000000000000000000

@150
000000000000000000
000000000000000000
111110000011111000
110011000011001101
111110000011111001
110011000011001101
110011000011111001
000000000000000000

@150
000000000000000000
000000000000000000
111100000111110001
100110000110011011
111100000111110011
100110000110011011
100110000111110011
000000000000000000

@150
000000000000000000
000000000000000000
111000001111100011
001100001100110110
111000001111100111
001100001100110110
001100001111100110
000000000000000000

@150
000000000000000000
000000000000000000
110000011111000111
011000011001101100
110000011111001111
011000011001101100
011000011111001100
000000000000000000

@150
000000000000000000
000000000000000000
100000111110001111
110000110011011001
100000111110011111
110000110011011001
110000111110011001
000000000000000000

@150
000000000000000000
000000000000000000
000001111100011110
100001100110110011
000001111100111111
100001100110110011
100001111100110011
000000000000000000

@150
000000000000000000
000000000000000000
000011111000111100
000011001101100110
000011111001111110
000011001101100110
000011111001100110
000000000000000000

@150
000000000000000000
000000000000000000
000111110001111000
000110011011001101
000111110011111100
000110011011001100
000111110011001101
000000000000000000

@150
000000000000000000
000000000000000000
001111100011110001
001100110110011011
001111100111111001
001100110110011000
001111100110011011
000000000000000000

@150
000000000000000000
000000000000000000
011111000111100011
011001101100110110
011111001111110011
011001101100110000
011111001100110111
000000000000000000

@150
000000000000000000
000000000000000000
111110001111000111
110011011001101100
111110011111100111
110011011001100001
111110011001101111
000000000000000000

@150
000000000000000000
000000000000000000
111100011110001111
100110110011011000
111100111111001110
100110110011000011
111100110011011110
000000000000000000

@150
000000000000000000
000000000000000000
111000111100011110
001101100110110000
111001111110011100
001101100110000110
111001100110111100
000000000000000000

@150
000000000000000000
000000000000000000
110001111000111101
011011001101100001
110011111100111001
011011001100001101
110011001101111001
000000000000000000

@150
000000000000000000
000000000000000000
100011110001111011
110110011011000011
100111111001110011
110110011000011011
100110011011110011
000000000000000000

@150
000000000000000000
000000000000000000
000111100011110111
101100110110000110
001111110011100111
101100110000110110
001100110111100111
000000000000000000

@150
000000000000000000
000000000000000000
001111000111101111
011001101100001100
011111100111001111
011001100001101100
011001101111001111
000000000000000000

@150
000000000000000000
000000000000000000
011110001111011111
110011011000011000
111111001110011110
110011000011011000
110011011110011111
000000000000000000

@150
000000000000000000
000000000000000000
111100011110111110
100110110000110000
111110011100111100
100110000110110000
100110111100111110
000000000000000000

@150
000000000000000000
000000000000000000
111000111101111100
001101100001100000
111100111001111000
001100001101100000
001101111001111100
000000000000000000

@150
000000000000000000
000000000000000000
110001111011111000
011011000011000000
111001110011110000
011000011011000000
011011110011111000
000000000000000000

@150
000000000000000000
000000000000000000
100011110111110000
110110000110000000
110011100111100000
110000110110000000
110111100111110000
000000000000000000

@150
000000000000000000
000000000000000000
000111101111100000
101100001100000001
100111001111000001
100001101100000001
101111001111100001
000000000000000000

@150
000000000000000000
000000000000000000
001111011111000001
011000011000000011
001110011110000011
000011011000000011
011110011111000011
000000000000000000

@150
000000000000000000
000000000000000000
011110111110000011
110000110000000110
011100111100000111
000110110000000110
111100111110000110
000000000000000000

@150
000000000000000000
000000000000000000
111101111100000111
100001100000001100
111001111000001111
001101100000001100
111001111100001100
000000000000000000

@150
000000000000000000
000000000000000000
111011111000001111
000011000000011001
110011110000011111
011011000000011001
110011111000011001
000000000000000000

@150
000000000000000000
000000000000000000
110111110000011110
000110000000110011
100111100000111111
110110000000110011
100111110000110011
000000000000000000

@150
000000000000000000
000000000000000000
101111100000111100
001100000001100110
001111000001111110
101100000001100110
001111100001100110
000000000000000000

@150
000000000000000000
000000000000000000
011111000001111001
011000000011001101
011110000011111101
011000000011001101
011111000011001101
000000000000000000

@150
000000000000000000
000000000000000000
111110000011110011
110000000110011011
111100000111111011
110000000110011011
111110000110011011
000000000000000000

@150
000000000000000000
000000000000000000
111100000111100111
100000001100110110
111000001111110111
100000001100110110
111100001100110110
000000000000000000

@150
000000000000000000
000000000000000000
111000001111001111
000000011001101100
110000011111101111
000000011001101100
111000011001101100
000000000000000000

@150
000000000000000000
000000000000000000
110000011110011111
000000110011011001
100000111111011111
000000110011011001
110000110011011001
000000000000000000

@150
000000000000000000
000000000000000000
100000111100111110
000001100110110011
000001111110111110
000001100110110011
100001100110110011
000000000000000000

@150
000000000000000000
000000000000000000
000001111001111100
000011001101100110
000011111101111100
000011001101100110
000011001101100110
000000000000000000

@150
000000000000000000
000000000000000000
000011110011111001
000110011011001101
000111111011111001
000110011011001101
000110011011001101
000000000000000000

@150
000000000000000000
000000000000000000
000111100111110011
001100110110011011
001111110111110011
001100110110011011
001100110110011011
000000000000000000

@150
000000000000000000
000000000000000000
001111001111100111
011001101100110110
011111101111100111
011001101100110110
011001101100110111
000000000000000000

@150
000000000000000000
000000000000000000
011110011111001111
110011011001101100
111111011111001111
110011011001101100
110011011001101111
000000000000000000

@150
000000000000000000
000000000000000000
111100111110011111
100110110011011000
111110111110011110
100110110011011000
100110110011011111
000000000000000000

@150
000000000000000000
000000000000000000
111001111100111110
001101100110110000
111101111100111100
001101100110110000
001101100110111110
000000000000000000

@150
000000000000000000
000000000000000000
110011111001111100
011011001101100000
111011111001111000
011011001101100000
011011001101111100
000000000000000000

@150
000000000000000000
000000000000000000
100111110011111000
110110011011000000
110111110011110000
110110011011000000
110110011011111000
000000000000000000

@150
000000000000000000
000000000000000000
001111100111110000
101100110110000000
101111100111100000
101100110110000000
101100110111110000
000000000000000000

@150
000000000000000000
000000000000000000
011111001111100001
011001101100000001
011111001111000001
011001101100000001
011001101111100001
000000000000000000

@150
000000000000000000
000000000000000000
111110011111000011
110011011000000011
111110011110000011
110011011000000011
110011011111000011
000000000000000000

@150
000000000000000000
000000000000000000
111100111110000111
100110110000000110
111100111100000111
100110110000000110
100110111110000111
000000000000000000

@150
000000000000000000
000000000000000000
111001111100001111
001101100000001100
111001111000001111
001101100000001100
001101111100001111
000000000000000000

@150
000000000000000000
000000000000000000
110011111000011111
011011000000011001
110011110000011111
011011000000011001
011011111000011111
000000000000000000

@150
000000000000000000
000000000000000000
100111110000111110
110110000000110011
100111100000111110
110110000000110011
110111110000111110
000000000000000000

@150
000000000000000000
000000000000000000
001111100001111100
101100000001100110
001111000001111100
101100000001100110
101111100001111100
000000000000000000

@150
000000000000000000
000000000000000000
011111000011111001
011000000011001101
011110000011111001
011000000011001101
011111000011111001
000000000000000000

@150
000000000000000000
000000000000000000
111110000111110011
110000000110011011
111100000111110011
110000000110011011
111110000111110011
000000000000000000

@150
000000000000000000
000000000000000000
111100001111100111
100000001100110110
111000001111100111
100000001100110110
111100001111100111
000000000000000000

@150
000000000000000000
000000000000000000
111000011111001111
000000011001101100
110000011111001111
000000011001101100
111000011111001111
000000000000000000

@150
000000000000000000
000000000000000000
110000111110011111
000000110011011000
100000111110011110
000000110011011000
110000111110011111
000000000000000000

@150
000000000000000000
000000000000000000
100001111100111110
000001100110110000
000001111100111100
000001100110110000
100001111100111110
000000000000000000

@150
000000000000000000
000000000000000000
000011111001111101
000011001101100001
000011111001111001
000011001101100001
000011111001111101
000000000000000000

@150
000000000000000000
000000000000000000
000111110011111011
000110011011000011
000111110011110011
000110011011000011
000111110011111011
000000000000000000

@150
000000000000000000
000000000000000000
001111100111110110
001100110110000110
001111100111100110
001100110110000110
001111100111110111
000000000000000000

@150
000000000000000000
000000000000000000
011111001111101100
011001101100001100
011111001111001100
011001101100001100
011111001111101111
000000000000000000

@150
000000000000000000
000000000000000000
111110011111011000
110011011000011000
111110011110011000
110011011000011000
111110011111011111
000000000000000000

@150
000000000000000000
000000000000000000
111100111110110000
100110110000110000
111100111100110000
100110110000110000
111100111110111110
000000000000000000

@150
000000000000000000
000000000000000000
111001111101100000
001101100001100001
111001111001100001
001101100001100001
111001111101111100
000000000000000000

@150
000000000000000000
000000000000000000
110011111011000001
011011000011000011
110011110011000011
011011000011000011
110011111011111001
000000000000000000

@150
000000000000000000
000000000000000000
100111110110000011
110110000110000110
100111100110000110
110110000110000110
100111110111110011
000000000000000000

@150
000000000000000000
000000000000000000
001111101100000111
101100001100001100
001111001100001100
101100001100001100
001111101111100111
000000000000000000

@150
000000000000000000
000000000000000000
011111011000001111
011000011000011001
011110011000011001
011000011000011001
011111011111001111
000000000000000000

@150
000000000000000000
000000000000000000
111110110000011110
110000110000110011
111100110000110011
110000110000110011
111110111110011110
000000000000000000

@150
000000000000000000
000000000000000000
111101100000111100
100001100001100110
111001100001100110
100001100001100110
111101111100111100
000000000000000000

@150
000000000000000000
000000000000000000
111011000001111001
000011000011001101
110011000011001101
000011000011001101
111011111001111001
000000000000000000

@150
000000000000000000
000000000000000000
110110000011110011
000110000110011011
100110000110011011
000110000110011011
110111110011110011
000000000000000000

@150
000000000000000000
000000000000000000
101100000111100111
001100001100110111
001100001100110110
001100001100110110
101111100111100110
000000000000000000

@150
000000000000000000
000000000000000000
011000001111001110
011000011001101111
011000011001101101
011000011001101100
011111001111001100
000000000000000000

@150
000000000000000000
000000000000000000
110000011110011100
110000110011011110
110000110011011011
110000110011011001
111110011110011000
000000000000000000

@150
000000000000000000
000000000000000000
100000111100111001
100001100110111101
100001100110110111
100001100110110011
111100111100110001
000000000000000000

@150
000000000000000000
000000000000000000
000001111001110011
000011001101111011
000011001101101111
000011001101100111
111001111001100011
000000000000000000

@150
000000000000000000
000000000000000000
000011110011100110
000110011011110110
000110011011011110
000110011011001110
110011110011000110
000000000000000000

@150
000000000000000000
000000000000000000
000111100111001100
001100110111101101
001100110110111101
001100110110011101
100111100110001100
000000000000000000

@150
000000000000000000
000000000000000000
001111001110011001
011001101111011011
011001101101111011
011001101100111011
001111001100011001
000000000000000000

@150
000000000000000000
000000000000000000
011110011100110011
110011011110110110
110011011011110110
110011011001110110
011110011000110011
000000000000000000

@150
000000000000000000
000000000000000000
111100111001100111
100110111101101100
100110110111101101
100110110011101100
111100110001100111
000000000000000000

@150
000000000000000000
000000000000000000
111001110011001111
001101111011011000
001101101111011011
001101100111011001
111001100011001111
000000000000000000

@150
000000000000000000
000000000000000000
110011100110011110
011011110110110000
011011011110110111
011011001110110011
110011000110011110
000000000000000000

@150
000000000000000000
000000000000000000
100111001100111100
110111101101100000
110110111101101110
110110011101100110
100110001100111100
000000000000000000

@150
000000000000000000
000000000000000000
001110011001111000
101111011011000000
101101111011011100
101100111011001100
001100011001111000
000000000000000000

@150
000000000000000000
000000000000000000
011100110011110000
011110110110000000
011011110110111000
011001110110011000
011000110011110000
000000000000000000

@150
000000000000000000
000000000000000000
111001100111100000
111101101100000000
110111101101110000
110011101100110000
110001100111100000
000000000000000000

@150
000000000000000000
000000000000000000
110011001111000001
111011011000000000
101111011011100000
100111011001100000
100011001111000000
000000000000000000

@150
000000000000000000
000000000000000000
100110011110000011
110110110000000000
011110110111000000
001110110011000000
000110011110000000
000000000000000000

@150
000000000000000000
000000000000000000
001100111100000111
101101100000000001
111101101110000001
011101100110000001
001100111100000001
000000000000000000

@150
000000000000000000
000000000000000000
011001111000001111
011011000000000011
111011011100000011
111011001100000011
011001111000000011
000000000000000000

@150
000000000000000000
000000000000000000
110011110000011111
110110000000000110
110110111000000110
110110011000000110
110011110000000110
000000000000000000

@150
000000000000000000
000000000000000000
100111100000111111
101100000000001100
101101110000001100
101100110000001100
100111100000001100
000000000000000000

@150
000000000000000000
000000000000000000
001111000001111110
011000000000011000
011011100000011000
011001100000011000
001111000000011000
000000000000000000

@150
000000000000000000
000000000000000000
011110000011111100
110000000000110001
110111000000110001
110011000000110001
011110000000110000
000000000000000000

@150
000000000000000000
000000000000000000
111100000111111001
100000000001100011
101110000001100011
100110000001100011
111100000001100001
000000000000000000

@150
000000000000000000
000000000000000000
111000001111110011
000000000011000110
011100000011000110
001100000011000110
111000000011000011
000000000000000000

@150
000000000000000000
000000000000000000
110000011111100111
000000000110001100
111000000110001100
011000000110001100
110000000110000111
000000000000000000

@150
000000000000000000
000000000000000000
100000111111001111
000000001100011001
110000001100011001
110000001100011001
100000001100001111
000000000000000000

@150
000000000000000000
000000000000000000
000001111110011110
000000011000110011
100000011000110011
100000011000110011
000000011000011110
000000000000000000

@150
000000000000000000
000000000000000000
000011111100111100
000000110001100110
000000110001100110
000000110001100110
000000110000111100
000000000000000000

@150
000000000000000000
000000000000000000
000111111001111000
000001100011001100
000001100011001100
000001100011001100
000001100001111000
000000000000000000

@150
000000000000000000
000000000000000000
001111110011110000
000011000110011000
000011000110011000
000011000110011000
000011000011110000
000000000000000000

@150
000000000000000000
000000000000000000
011111100111100000
000110001100110000
000110001100110000
000110001100110000
000110000111100000
000000000000000000

@150
000000000000000000
000000000000000000
111111001111000001
001100011001100001
001100011001100001
001100011001100001
001100001111000000
000000000000000000

@150
000000000000000000
000000000000000000
111110011110000011
011000110011000011
011000110011000011
011000110011000011
011000011110000001
000000000000000000

@150
000000000000000000
000000000000000000
111100111100000110
110001100110000110
110001100110000110
110001100110000110
110000111100000011
000000000000000000

@150
000000000000000000
000000000000000000
111001111000001100
100011001100001100
100011001100001100
100011001100001100
100001111000000111
000000000000000000

@150
000000000000000000
000000000000000000
110011110000011001
000110011000011001
000110011000011001
000110011000011001
000011110000001111
000000000000000000

@150
000000000000000000
000000000000000000
100111100000110011
001100110000110011
001100110000110011
001100110000110011
000111100000011110
000000000000000000

@150
000000000000000000
000000000000000000
001111000001100110
011001100001100110
011001100001100110
011001100001100110
001111000000111100
000000000000000000

@150
000000000000000000
000000000000000000
011110000011001100
110011000011001101
110011000011001100
110011000011001100
011110000001111001
000000000000000000

@150
000000000000000000
000000000000000000
111100000110011001
100110000110011011
100110000110011001
100110000110011000
111100000011110011
000000000000000000

@150
000000000000000000
000000000000000000
111000001100110011
001100001100110110
001100001100110011
001100001100110000
111000000111100111
000000000000000000

@150
000000000000000000
000000000000000000
110000011001100111
011000011001101100
011000011001100111
011000011001100001
110000001111001111
000000000000000000

@150
000000000000000000
000000000000000000
100000110011001111
110000110011011000
110000110011001110
110000110011000011
100000011110011110
000000000000000000

@150
000000000000000000
000000000000000000
000001100110011110
100001100110110000
100001100110011100
100001100110000110
000000111100111100
000000000000000000

@150
000000000000000000
000000000000000000
000011001100111100
000011001101100000
000011001100111000
000011001100001100
000001111001111000
000000000000000000

@150
000000000000000000
000000000000000000
000110011001111000
000110011011000000
000110011001110000
000110011000011000
000011110011110000
000000000000000000

@150
000000000000000000
000000000000000000
001100110011110000
001100110110000000
001100110011100000
001100110000110000
000111100111100000
000000000000000000

@150
000000000000000000
000000000000000000
011001100111100000
011001101100000000
011001100111000000
011001100001100000
001111001111000000
000000000000000000

@150
000000000000000000
000000000000000000
110011001111000000
110011011000000000
110011001110000000
110011000011000000
011110011110000000
000000000000000000

@150
000000000000000000
000000000000000000
100110011110000000
100110110000000000
100110011100000000
100110000110000000
111100111100000000
000000000000000000

@150
000000000000000000
000000000000000000
001100111100000000
001101100000000000
001100111000000000
001100001100000000
111001111000000000
000000000000000000

@150
000000000000000000
000000000000000000
011001111000000000
011011000000000000
011001110000000000
011000011000000000
110011110000000000
000000000000000000

@150
000000000000000000
000000000000000000
110011110000000000
110110000000000000
110011100000000000
110000110000000000
100111100000000000
000000000000000000

@150
000000000000000000
000000000000000000
100111100000000000
101100000000000000
100111000000000000
100001100000000000
001111000000000000
000000000000000000

@150
000000000000000000
000000000000000000
001111000000000000
011000000000000000
001110000000000000
000011000000000000
011110000000000000
000000000000000000

@150
000000000000000000
000000000000000000
011110000000000000
110000000000000000
011100000000000000
000110000000000000
111100000000000000
000000000000000000

@150
000000000000000000
000000000000000000
111100000000000000
100000000000000000
111000000000000000
001100000000000000
111000000000000000
000000000000000000

@150
000000000000000000
000000000000000000
111000000000000000
000000000000000000
110000000000000000
011000000000000000
110000000000000000
000000000000000000

@150
000000000000000000
000000000000000000
110000000000000000
000000000000000000
100000000000000000
110000000000000000
100000000000000000
000000000000000000

@150
000000000000000000
000000000000000000
100000000000000000
000000000000000000
000000000000000000
100000000000000000
000000000000000000
000000000000000000

@150
000000000000000000
000000000000000000
000000000000000000
000000000000000000
000000000000000000
000000000000000000
000000000000000000
000000000000000000
