# BlinkenLights Movie
# name=MOVE 'ZIG'
# description=Scrolltext "MOVE 'ZIG'"
# duration=9000

@150
000000000000000000
000000000000000000
000000000000000000
000000000000000000
000000000000000000
000000000000000000
000000000000000000
000000000000000000

@150
000000000000000000
000000000000000000
000000000000000001
000000000000000001
000000000000000001
000000000000000001
000000000000000001
000000000000000000

@150
000000000000000000
000000000000000000
000000000000000010
000000000000000011
000000000000000010
000000000000000010
000000000000000010
000000000000000000

@150
000000000000000000
000000000000000000
000000000000000100
000000000000000110
000000000000000101
000000000000000100
000000000000000100
000000000000000000

@150
000000000000000000
000000000000000000
000000000000001000
000000000000001101
000000000000001010
000000000000001000
000000000000001000
000000000000000000

@150
000000000000000000
000000000000000000
000000000000010001
000000000000011011
000000000000010101
000000000000010001
000000000000010001
000000000000000000

@150
000000000000000000
000000000000000000
000000000000100010
000000000000110110
000000000000101010
000000000000100010
000000000000100010
000000000000000000

@150
000000000000000000
000000000000000000
000000000001000100
000000000001101101
000000000001010101
000000000001000101
000000000001000100
000000000000000000

@150
000000000000000000
000000000000000000
000000000010001001
000000000011011010
000000000010101010
000000000010001010
000000000010001001
000000000000000000

@150
000000000000000000
000000000000000000
000000000100010011
000000000110110100
000000000101010100
000000000100010100
000000000100010011
000000000000000000

@150
000000000000000000
000000000000000000
000000001000100110
000000001101101001
000000001010101001
000000001000101001
000000001000100110
000000000000000000

@150
000000000000000000
000000000000000000
000000010001001100
000000011011010010
000000010101010010
000000010001010010
000000010001001100
000000000000000000

@150
000000000000000000
000000000000000000
000000100010011001
000000110110100101
000000101010100101
000000100010100101
000000100010011000
000000000000000000

@150
000000000000000000
000000000000000000
000001000100110010
000001101101001010
000001010101001010
000001000101001010
000001000100110001
000000000000000000

@150
000000000000000000
000000000000000000
000010001001100100
000011011010010100
000010101010010100
000010001010010101
000010001001100010
000000000000000000

@150
000000000000000000
000000000000000000
000100010011001001
000110110100101001
000101010100101001
000100010100101010
000100010011000100
000000000000000000

@150
000000000000000000
000000000000000000
001000100110010010
001101101001010010
001010101001010010
001000101001010100
001000100110001000
000000000000000000

@150
000000000000000000
000000000000000000
010001001100100101
011011010010100101
010101010010100101
010001010010101001
010001001100010001
000000000000000000

@150
000000000000000000
000000000000000000
100010011001001011
110110100101001010
101010100101001011
100010100101010010
100010011000100011
000000000000000000

@150
000000000000000000
000000000000000000
000100110010010111
101101001010010100
010101001010010111
000101001010100100
000100110001000111
000000000000000000

@150
000000000000000000
000000000000000000
001001100100101111
011010010100101000
101010010100101110
001010010101001000
001001100010001111
000000000000000000

@150
000000000000000000
000000000000000000
010011001001011110
110100101001010000
010100101001011100
010100101010010000
010011000100011110
000000000000000000

@150
000000000000000000
000000000000000000
100110010010111100
101001010010100000
101001010010111000
101001010100100000
100110001000111100
000000000000000000

@150
000000000000000000
000000000000000000
001100100101111000
010010100101000000
010010100101110000
010010101001000000
001100010001111000
000000000000000000

@150
000000000000000000
000000000000000000
011001001011110000
100101001010000000
100101001011100000
100101010010000000
011000100011110000
000000000000000000

@150
000000000000000000
000000000000000000
110010010111100000
001010010100000000
001010010111000001
001010100100000000
110001000111100000
000000000000000000

@150
000000000000000000
000000000000000000
100100101111000001
010100101000000001
010100101110000010
010101001000000000
100010001111000000
000000000000000000

@150
000000000000000000
000000000000000000
001001011110000010
101001010000000010
101001011100000100
101010010000000000
000100011110000000
000000000000000000

@150
000000000000000000
000000000000000000
010010111100000101
010010100000000100
010010111000001000
010100100000000001
001000111100000001
000000000000000000

@150
000000000000000000
000000000000000000
100101111000001011
100101000000001000
100101110000010001
101001000000000010
010001111000000011
000000000000000000

@150
000000000000000000
000000000000000000
001011110000010111
001010000000010001
001011100000100010
010010000000000100
100011110000000111
000000000000000000

@150
000000000000000000
000000000000000000
010111100000101111
010100000000100010
010111000001000100
100100000000001000
000111100000001111
000000000000000000

@150
000000000000000000
000000000000000000
101111000001011110
101000000001000100
101110000010001000
001000000000010000
001111000000011110
000000000000000000

@150
000000000000000000
000000000000000000
011110000010111101
010000000010001001
011100000100010001
010000000000100001
011110000000111101
000000000000000000

@150
000000000000000000
000000000000000000
111100000101111010
100000000100010010
111000001000100010
100000000001000010
111100000001111010
000000000000000000

@150
000000000000000000
000000000000000000
111000001011110100
000000001000100101
110000010001000101
000000000010000101
111000000011110100
000000000000000000

@150
000000000000000000
000000000000000000
110000010111101001
000000010001001010
100000100010001010
000000000100001010
110000000111101001
000000000000000000

@150
000000000000000000
000000000000000000
100000101111010011
000000100010010100
000001000100010101
000000001000010100
100000001111010011
000000000000000000

@150
000000000000000000
000000000000000000
000001011110100111
000001000100101000
000010001000101011
000000010000101001
000000011110100111
000000000000000000

@150
000000000000000000
000000000000000000
000010111101001110
000010001001010000
000100010001010110
000000100001010010
000000111101001110
000000000000000000

@150
000000000000000000
000000000000000000
000101111010011100
000100010010100000
001000100010101101
000001000010100100
000001111010011100
000000000000000000

@150
000000000000000000
000000000000000000
001011110100111001
001000100101000001
010001000101011010
000010000101001000
000011110100111000
000000000000000000

@150
000000000000000000
000000000000000000
010111101001110010
010001001010000010
100010001010110100
000100001010010000
000111101001110000
000000000000000000

@150
000000000000000000
000000000000000000
101111010011100100
100010010100000100
000100010101101000
001000010100100000
001111010011100000
000000000000000000

@150
000000000000000000
000000000000000000
011110100111001000
000100101000001000
001000101011010000
010000101001000000
011110100111000000
000000000000000000

@150
000000000000000000
000000000000000000
111101001110010000
001001010000010000
010001010110100000
100001010010000000
111101001110000000
000000000000000000

@150
000000000000000000
000000000000000000
111010011100100000
010010100000100000
100010101101000000
000010100100000000
111010011100000000
000000000000000000

@150
000000000000000000
000000000000000000
110100111001000000
100101000001000000
000101011010000000
000101001000000000
110100111000000000
000000000000000000

@150
000000000000000000
000000000000000000
101001110010000000
001010000010000000
001010110100000000
001010010000000000
101001110000000000
000000000000000000

@150
000000000000000000
000000000000000000
010011100100000000
010100000100000000
010101101000000000
010100100000000000
010011100000000000
000000000000000000

@150
000000000000000000
000000000000000000
100111001000000000
101000001000000000
101011010000000000
101001000000000000
100111000000000000
000000000000000000

@150
000000000000000000
000000000000000000
001110010000000000
010000010000000000
010110100000000000
010010000000000000
001110000000000000
000000000000000000

@150
000000000000000000
000000000000000000
011100100000000000
100000100000000000
101101000000000000
100100000000000000
011100000000000000
000000000000000000

@150
000000000000000000
000000000000000000
111001000000000000
000001000000000000
011010000000000000
001000000000000000
111000000000000000
000000000000000000

@150
000000000000000000
000000000000000000
110010000000000000
000010000000000000
110100000000000000
010000000000000000
110000000000000000
000000000000000000

@150
000000000000000000
000000000000000000
100100000000000000
000100000000000000
101000000000000000
100000000000000000
100000000000000000
000000000000000000

@150
000000000000000000
000000000000000000
001000000000000000
001000000000000000
010000000000000000
000000000000000000
000000000000000000
000000000000000000

@150
000000000000000000
000000000000000000
010000000000000000
010000000000000000
100000000000000000
000000000000000000
000000000000000000
000000000000000000

@150
000000000000000000
000000000000000000
100000000000000000
100000000000000000
000000000000000000
000000000000000000
000000000000000000
000000000000000000

@150
000000000000000000
000000000000000000
000000000000000000
000000000000000000
000000000000000000
000000000000000000
000000000000000000
000000000000000000
