# BlinkenLights Movie
# name=XXCCC
# description=XX CCC
# duration=2450

@150
000000000000000000
011000011011000011
001100110001100110
000111100000111100
000011000000011000
000111100000111100
001100110001100110
011000011011000011

@150
000000000000000000
000000000000000000
000000000000000000
000000000000000000
000000000000000000
000000000000000000
000000000000000000
000000000000000000

@1000
000000000000000000
011000011011000011
001100110001100110
000111100000111100
000011000000011000
000111100000111100
001100110001100110
011000011011000011

@1000
000000000000000000
000000000000000000
001111001111001111
011000011000011000
011000011000011000
011000011000011000
001111001111001111
000000000000000000

@150
000000000000000000
000000000000000000
000000000000000000
000000000000000000
000000000000000000
000000000000000000
000000000000000000
000000000000000000
