# BlinkenLights Movie 18x8
# name = Tschöö
# description = 
# creator = Blinkenpaint 2.4
# author = Wolle
# width = 18
# height = 8
# loop = no
# duration = 7600

@1000
111101011111011111
100001010001010001
100001010001010001
100001010001010001
100001011111010001
100001010001010001
100001010001010001
111001010001011111

@200
000001111100000000
000001000000000000
000001000000000000
000001000000000000
000001000000000000
000001000000000000
000001000000000000
000001111100000000

@200
000000111110000000
000000100010000000
000000100010000000
000000100010000000
000000111110000000
000000100010000000
000000100010000000
000000100010000000

@200
000001111111000000
000000001000000000
000000001000000000
000000001000000000
000000001000000000
000000001000000000
000000001000000000
000000001000000000

@200
000000100010000000
000000100010000000
000000100010000000
000000100010000000
000000111110000000
000000100010000000
000000100010000000
000000100010000000

@200
000001000001000000
000000100010000000
000000010100000000
000000001000000000
000000001000000000
000000001000000000
000000001000000000
000000001000000000

@200
000000000000000000
000000001000000000
000000001000000000
000000011100000000
000000101010000000
000000001000000000
000000011100000000
000000010100000000

@200
000000000000000000
000000001000000000
000000001000000000
000000111100000000
000000001010000000
000000001000000000
000000011100000000
000000010100000000

@100
000000000000000000
000000001000000000
000000101000000000
000000011100000000
000000001010000000
000000001000000000
000000011100000000
000000010100000000

@100
000000000000000000
000000001000000000
000000011000000000
000000011100000000
000000001010000000
000000001000000000
000000011100000000
000000010100000000

@100
000000000000000000
000000001000000000
000000101000000000
000000011100000000
000000001010000000
000000001000000000
000000011100000000
000000010100000000

@100
000000000000000000
000000001000000000
000000011000000000
000000011100000000
000000001010000000
000000001000000000
000000011100000000
000000010100000000

@100
000000000000000000
000000001000000000
000000101000000000
000000011100000000
000000001010000000
000000001000000000
000000011100000000
000000010100000000

@200
000000000000000000
000000001000000000
000000001000000000
000000111100000000
000000001010000000
000000001000000000
000000011100000000
000000010100000000

@200
000000000000000000
000000001000000000
000000001000000000
000000011100000000
000000101010000000
000000001000000000
000000011100000000
000000010100000000

@100
000000000000000000
000001110001110000
000011111011111000
000011111111111000
000001111111110000
000000111111100000
000000011111000000
000000001110000000

@50
000000000000000000
000000100000100000
000001110001110000
000001111111110000
000000111111100000
000000011111000000
000000001110000000
000000000100000000

@100
000000000000000000
000001110001110000
000011111011111000
000011111111111000
000001111111110000
000000111111100000
000000011111000000
000000001110000000

@50
000000000000000000
000000100000100000
000001110001110000
000001111111110000
000000111111100000
000000011111000000
000000001110000000
000000000100000000

@1000
000000000000000000
000001110001110000
000011111011111000
000011111111111000
000001111111110000
000000111111100000
000000011111000000
000000001110000000

@150
000001111011110000
000011111111111000
000011111111111000
000001111111110000
000000111111100000
000000011111000000
000000001110000000
000000000100000000

@150
000011111111111000
000011111111111000
000001111111110000
000000111111100000
000000011111000000
000000001110000000
000000000100000000
000000000000000000

@150
000011111111111000
000001111111110000
000000111111100000
000000011111000000
000000001110000000
000000000100000000
000000000000000000
000000000000000000

@150
000001111111110000
000000111111100000
000000011111000000
000000001110000000
000000000100000000
000000000000000000
000000000000000000
000000000000000000

@150
000000111111100000
000000011111000000
000000001110000000
000000000100000000
000000000000000000
000000000000000000
000000000000000000
000000000000000000

@150
000000011111000000
000000001110000000
000000000100000000
000000000000000000
000000000000000000
000000000000000000
000000000000000000
000000000000000000

@150
000000001110000000
000000000100000000
000000000000000000
000000000000000000
000000000000000000
000000000000000000
000000000000000000
000000000000000000

@150
000000000100000000
000000000000000000
000000000000000000
000000000000000000
000000000000000000
000000000000000000
000000000000000000
000000000000000000

@200
000000000000000000
000000000000000000
000000000000000000
000000000000000000
000000000000000000
000000000000000000
000000000000000000
000000000000000000

@200
000000000000000000
000000000000000000
000000000000000000
000000000000000000
000000000000000000
000000000000000000
000000000000000000
000000000000000000

@50
000000000100000000
000000000000000000
000000000000000000
000000000000000000
000000000000000000
000000000000000000
000000000000000000
000000000000000000

@50
000000000100000000
000000000100000000
000000000000000000
000000000000000000
000000000000000000
000000000000000000
000000000000000000
000000000000000000

@50
000000000100000000
000000000100000000
000000000100000000
000000000000000000
000000000000000000
000000000000000000
000000000000000000
000000000000000000

@50
000000000100000000
000000000100000000
000000000100000000
000000000100000000
000000000000000000
000000000000000000
000000000000000000
000000000000000000

@50
000000000100000000
000000000100000000
000000000100000000
000000001100000000
000000000000000000
000000000000000000
000000000000000000
000000000000000000

@50
000000000100000000
000000000100000000
000000000100000000
000000011100000000
000000000000000000
000000000000000000
000000000000000000
000000000000000000

@50
000000000100000000
000000000100000000
000000000100000000
000000111100000000
000000000000000000
000000000000000000
000000000000000000
000000000000000000

@50
000000000100000000
000000000100000000
000000000100000000
000001111100000000
000000000000000000
000000000000000000
000000000000000000
000000000000000000

@50
000000000000000000
000000000100000000
000000000100000000
000011111100000000
000000000000000000
000000000000000000
000000000000000000
000000000000000000

@50
000000000000000000
000000000000000000
000000000100000000
000111111100000000
000000000000000000
000000000000000000
000000000000000000
000000000000000000

@50
000000000000000000
000000000000000000
000000000000000000
001111111100000000
000000000000000000
000000000000000000
000000000000000000
000000000000000000

@50
000000000000000000
000000000000000000
000000000000000000
011111111000000000
000000000000000000
000000000000000000
000000000000000000
000000000000000000

@50
000000000000000000
000000000000000000
000000000000000000
111111110000000000
000000000000000000
000000000000000000
000000000000000000
000000000000000000

@50
000000000000000000
000000000000000000
100000000000000000
111111100000000000
100000000000000000
000000000000000000
000000000000000000
000000000000000000

@50
000000000000000000
100000000000000000
100000000000000000
111111000000000000
100000000000000000
100000000000000000
000000000000000000
000000000000000000

@50
100000000000000000
100000000000000000
100000000000000000
111110000000000000
100000000000000000
100000000000000000
100000000000000000
000000000000000000

@50
110000000000000000
100000000000000000
100000000000000000
111100000000000000
100000000000000000
100000000000000000
110000000000000000
000000000000000000

@50
111000000000000000
100000000000000000
100000000000000000
111000000000000000
100000000000000000
100000000000000000
111000000000000000
000000000000000000

@100
111010001001010101
100000000000000000
100000000000000000
111010101001010101
100000000000000000
100000000000000000
111010001001010101
000000000000000000

@200
111010001011110111
100011001010010100
100010101010010100
111010101010010111
100010011010010100
100010001010010100
111010001011110111
000000000000000000

@200
000000000000000000
000000000000000000
000000000000000000
000000000000000000
000000000000000000
000000000000000000
000000000000000000
000000000000000000
