# BlinkenLights Movie 18x8
# name = pacman
# description = PacMan Scene
# creator = Blinkenpaint 2.4
# author = Scott Howell
# width = 18
# height = 8
# loop = yes
# duration = 10900

@100
000000000000000000
000000000001111100
000000000011010110
000000000011111110
000000000011111110
000000000011111110
000000000010101010
000000000000000000

@100
000000000000000000
000000000001111100
100000000011010110
000000000011111110
000000000011111110
100000000011111110
000000000010101010
000000000000000000

@100
000000000000000000
100000000001111100
110000000011010110
000000000011111110
000000000011111110
110000000011111110
100000000001010100
000000000000000000

@100
000000000000000000
110000000001111100
111000000011010110
111000000011111110
000000000011111110
111000000011111110
110000000001010100
000000000000000000

@100
000000000000000000
111000000001111100
111100000011010110
111100000011111110
100000000011111110
111100000011111110
111000000010101010
000000000000000000

@100
000000000000000000
111100000001111100
111110000011010110
111110000011111110
111000000011111110
111110000011111110
111100000010101010
000000000000000000

@200
000000000000000000
011110000001111100
111111000011010110
111111000011111110
111000000011111110
111111000011111110
011110000010101010
000000000000000000

@200
000000000000000000
001111000001111100
011111100011010110
011111100011111110
011100000011111110
011111100011111110
001111000001010100
000000000000000000

@200
000000000000000000
000111100001111100
001111110011010110
001111000011111110
001110000011111110
001111110011111110
000111100001010100
000000000000000000

@200
000000000000000000
000011110001111100
000111111011010110
000111100011111110
000111000011111110
000111111011111110
000011110001010100
000000000000000000

@200
000000000000000000
000001111001111100
000011111111010110
000011111011111110
000011110011111110
000011111111111110
000001111010101010
000000000000000000

@200
000000000000000000
000000111101111100
000001111111010110
000001111111111110
000001111011111110
000001111111111110
000000111110101010
000000000000000000

@200
000000000000000000
000000011111111100
000000111111010110
000000111111111110
000000111111111110
000000111111111110
000000011111101010
000000000000000000

@200
000000000000000000
000000001111111100
000000011111110110
000000011111111110
000000011111111110
000000011111111110
000000001111010100
000000000000000000

@200
000000000000000000
000000000111111100
000000001111110110
000000001111111110
000000001111111110
000000001111111110
000000000111110100
000000000000000000

@200
000000000000000000
000000000011111100
000000000111111110
000000000111111110
000000000111111110
000000000111111110
000000000011110100
000000000000000000

@200
000000000000000000
000000000001111100
000000000011111110
000000000011111110
000000000011111110
000000000011111110
000000000001111110
000000000000000000

@200
000000000000000000
000000000000111100
000000000001111110
000000000001111110
000000000001111110
000000000001111110
000000000000111110
000000000000000000

@200
000000000000000000
000000000000011110
000000000000111111
000000000000111111
000000000000111110
000000000000111111
000000000000011110
000000000000000000

@200
000000000000000000
000000000000001111
000000000000011111
000000000000011111
000000000000011110
000000000000011111
000000000000001111
000000000000000000

@200
000000000000000000
000000000000000111
000000000000001111
000000000000001111
000000000000001111
000000000000001111
000000000000000111
000000000000000000

@200
000000000000000000
000000000000000011
000000000000000111
000000000000000111
000000000000000111
000000000000000111
000000000000000011
000000000000000000

@200
000000000000000000
000000000000000001
000000000000000011
000000000000000011
000000000000000011
000000000000000011
000000000000000001
000000000000000000

@200
000000000000000000
000000000000000000
000000000000000001
000000000000000001
000000000000000001
000000000000000001
000000000000000000
000000000000000000

@500
000000000000000000
000000000000000000
000000000000000000
000000000000000000
000000000000000000
000000000000000000
000000000000000000
000000000000000000

@200
000000000000000000
000000000000000000
000000000000000001
000000000000000000
000000000000000000
000000000000000001
000000000000000000
000000000000000000

@200
000000000000000000
000000000000000001
000000000000000011
000000000000000000
000000000000000000
000000000000000011
000000000000000001
000000000000000000

@200
000000000000000000
000000000000000011
000000000000000111
000000000000000001
000000000000000000
000000000000000111
000000000000000011
000000000000000000

@200
000000000000000000
000000000000000111
000000000000001111
000000000000001111
000000000000000001
000000000000001111
000000000000000111
000000000000000000

@200
000000000000000000
000000000000001111
000000000000011111
000000000000011111
000000000000001111
000000000000011111
000000000000001111
000000000000000000

@200
000000000000000000
000000000000011110
000000000000111111
000000000000111111
000000000000000111
000000000000111111
000000000000011110
000000000000000000

@200
000000000000000000
000000000000111100
000000000001111110
000000000000011110
000000000000001110
000000000001111110
000000000000111100
000000000000000000

@200
000000000000000000
000000000001111000
000000000011111100
000000000011111100
000000000000011100
000000000011111100
000000000001111000
000000000000000000

@200
000000000000000000
000000000011110000
000000000111111000
000000000111111000
000000000011111000
000000000111111000
000000000011110000
000000000000000000

@200
000000000000000000
000000000111100000
000000001111110000
000000000111110000
000000000001110000
000000001111110000
000000000111100000
000000000000000000

@200
000000000000000000
000000001111000000
000000011111100000
000000000111100000
000000000001100000
000000011111100000
000000001111000000
000000000000000000

@200
000000000000000000
000000011110000000
000000111111000000
000000001111000000
000000000011000000
000000111111000000
000000011110000000
000000000000000000

@200
000000000000000000
000000011110000000
000000111111000000
000000111111000000
000000000111000000
000000111111000000
000000011110000000
000000000000000000

@200
000000000000000000
000000011110000000
000000111111000000
000000111111000000
000000011111000000
000000111111000000
000000011110000000
000000000000000000

@200
000000000000000000
000000011110000000
000000111111000000
000000111111000000
000000111111000000
000000111111000000
000000011110000000
000000000000000000

@200
000000000000000000
000000010010000000
000000111111000000
000000111111000000
000000111111000000
000000111111000000
000000011110000000
000000000000000000

@200
000000000000000000
000000000000000000
000000110011000000
000000111111000000
000000111111000000
000000111111000000
000000011110000000
000000000000000000

@200
000000000000000000
000000000000000000
000000100001000000
000000110011000000
000000111111000000
000000111111000000
000000011110000000
000000000000000000

@200
000000000000000000
000000000000000000
000000000000000000
000000100001000000
000000110011000000
000000111111000000
000000011110000000
000000000000000000

@200
000000000000000000
000000000000000000
000000000000000000
000000000000000000
000000100001000000
000000111111000000
000000011110000000
000000000000000000

@200
000000000000000000
000000000000000000
000000000000000000
000000000000000000
000000000000000000
000000111111000000
000000011110000000
000000000000000000

@200
000000000000000000
000000000000000000
000000000000000000
000000000000000000
000000000000000000
000000011110000000
000000011110000000
000000000000000000

@200
000000000000000000
000000000000000000
000000000000000000
000000000000000000
000000000000000000
000000001100000000
000000001100000000
000000000000000000

@200
000000000000000000
000000000000000000
000000000000000000
000000000000000000
000000000000000000
000000000000000000
000000000000000000
000000000000000000

@200
000000000000000000
000000000000000000
000000000000000000
000000010010000000
000000001100000000
000000010010000000
000000000000000000
000000000000000000

@200
000000000000000000
000000000000000000
000000000000000000
000000001000000000
000000001100000000
000000000100000000
000000000000000000
000000000000000000

@200
000000000000000000
000000000000000000
000000000000000000
000000000100000000
000000001100000000
000000001000000000
000000000000000000
000000000000000000

@200
000000000000000000
000000000000000000
000000000000000000
000000000000000000
000000011110000000
000000000000000000
000000000000000000
000000000000000000

@200
000000000000000000
000000000000000000
000000000000000000
000000001000000000
000000010010000000
000000000100000000
000000000000000000
000000000000000000

@200
000000000000000000
000000000000000000
000000000000000000
000000000100000000
000000010010000000
000000001000000000
000000000000000000
000000000000000000

@200
000000000000000000
000000000000000000
000000000000000000
000000000000000000
000000000000000000
000000000000000000
000000000000000000
000000000000000000
