# BlinkenLights Movie 18x8
# name = elfchen
# description = liebeserklärung
# creator = Blinkenpaint 2.4
# author = christian leyk
# width = 18
# height = 8
# loop = yes
# duration = 37200

@4000
101000100100100111
111001110100100101
101001010110110111
000000000000000000
111101000011101111
100001000010001000
111001000011101110
111101111010001111

@500
000000000000000000
000000000000000000
000000000000000000
000000000000000000
000000000000000000
000000000000000000
000000000000000000
000000000000000000

@1000
000000000000000000
111010010011000110
101010010010001000
101010010010000100
111010010011000010
101010010010000010
101011011011001100
000000000000000000

@1000
000000000000000000
100010111011001110
100010100010101000
100010100011001000
100010110010101100
100010100010101000
111010111011001110
000000000000000000

@1000
000000000000000000
111110100101100011
000100100101010101
001000100101001001
010000100101000001
100000100101000001
111110111101000001
000000000000000000

@1000
000000000000000000
100010101001001111
110010101010001001
101010101100001001
100110101010001001
100010101001001001
100010101000101111
000000000000000000

@1000
000000000000000000
100000100010100111
100001010010101000
100010001010100100
100011111010100010
100010001010100001
111010001011101110
000000000000000000

@1000
000000000000000000
000000001000000000
000000001000000000
000000001000000000
000111111111110000
000000001000000000
000000001000000000
000000001000000000

@1000
001011110111101111
011010010100101001
101010010100101001
001010010100101001
001010010100101001
001010010100101001
001010010100101001
001011110111101111

@1000
000000000000000000
101010100110110111
101000001001000100
110010100100100100
110010100010010110
101010100010010100
101011101101100111
000000000000000000

@2550
011000111101010010
010100100001011010
010100111001010110
011000111101010010
000000000000000000
000001111111000000
000001000000000000
000001111111010000

@500
000000000000000000
000000100001000000
000010001100001000
001000000000000010
010011110001111001
000100000000000100
000000101010100000
000000000000000000

@500
000000000000000000
000000000000000000
000000000000000000
000000000000000000
000000000000000000
000000000000000000
000000000000000000
000000000000000000

@500
000000000000000000
000000100001000000
000010001100001000
001000000000000010
010011110001111001
000100000000000100
000000101010100000
000000000000000000

@500
000000000000000000
000000000000000000
000000000000000000
000000000000000000
000000000000000000
000000000000000000
000000000000000000
000000000000000000

@500
000000000000000000
000000100001000000
000010001100001000
001000000000000010
010011110001111001
000100000000000100
000000101010100000
000000000000000000

@500
000000000000000000
000000000000000000
000000000000000000
000000000000000000
000000000000000000
000000000000000000
000000000000000000
000000000000000000

@500
000000000000000000
000000100001000000
000010001100001000
001000000000000010
010011110001111001
000100000000000100
000000101010100000
000000000000000000

@500
000000000000000000
000000000000000000
000000000000000000
000000000000000000
000000000000000000
000000000000000000
000000000000000000
000000000000000000

@500
000000000000000000
000000100001000000
000010001100001000
001000000000000010
010011110001111001
000100000000000100
000000101010100000
000000000000000000

@1000
000000000000000000
000000000000000000
000000000000000000
000000000000000000
000000000000000000
000000000000000000
000000000000000000
000000000000000000

@500
000000000000000000
000000000000000000
000000000000000000
000000001010000000
000000001110000000
000000000100000000
000000000000000000
000000000000000000

@500
000000000000000000
000000000000000000
000000110011000000
000001111111100000
000000111111000000
000000011110000000
000000001100000000
000000000000000000

@3000
000001000000010000
000011111011111000
000111111111111100
000111111111111100
000011111111111000
000001111111110000
000000011111000000
000000000100000000

@500
000000000000000000
000000000000000000
000000000000000000
000000000000000000
000000000000000000
000000000000000000
000000000000000000
000000000000000000

@500
000000000000000000
000000000000000000
111101000011101111
100001000010001000
111001000011101110
111101111010001111
000000000000000000
000000000000000000

@500
000000000000000000
000000000000000000
000000000000000000
000000000000000000
000000000000000000
000000000000000000
000000000000000000
000000000000000000

@500
000000000000000000
000000000000000000
111101000011101111
100001000010001000
111001000011101110
111101111010001111
000000000000000000
000000000000000000

@500
000000000000000000
000000000000000000
000000000000000000
000000000000000000
000000000000000000
000000000000000000
000000000000000000
000000000000000000

@500
000000000000000000
000000000000000000
111101000011101111
100001000010001000
111001000011101110
111101111010001111
000000000000000000
000000000000000000

@500
000000000000000000
000000000000000000
000000000000000000
000000000000000000
000000000000000000
000000000000000000
000000000000000000
000000000000000000

@500
000000000000000000
000000000000000000
111101000011101111
100001000010001000
111001000011101110
111101111010001111
000000000000000000
000000000000000000

@500
000000000000000000
000000000000000000
000000000000000000
000000000000000000
000000000000000000
000000000000000000
000000000000000000
000000000000000000

@1000
000010000000100000
000111110111110000
001111111111111000
001111111111111000
000111111111110000
000011111111100000
000000111110000000
000000001000000000

@200
000000000000000000
000000000000000000
000000000000000000
000000000000000000
000000000000000000
000000000000000000
000000000000000000
000000000000000000

@3150
000000000000000000
011110000000111100
011011000000111100
011001100100110000
011001101110110000
011011000100111100
011110000000111100
000000000000000000

@200
000000000000000000
001111000000011110
001101100000011110
001100110010011000
001100110111011000
001101100010011110
001111000000011110
000000000000000000

@200
000000000000000000
000111100000001111
000110110000001111
000110011001001100
000110011011101100
000110110001001111
000111100000001111
000000000000000000

@200
000000000000000000
001111000000011110
001101100000011110
001100110010011000
001100110111011000
001101100010011110
001111000000011110
000000000000000000

@500
000000000000000000
011110000000111100
011011000000111100
011001100100110000
011001101110110000
011011000100111100
011110000000111100
000000000000000000

@200
000000000000000000
111100000001111000
110110000001111000
110011001001100000
110011011101100000
110110001001111000
111100000001111000
000000000000000000

@1000
111111111111111111
100001111111000011
100100111111000011
100110011011001111
100110010001001111
100100111011000011
100001111111000011
111111111111111111

@500
000000000000000000
011110000000111100
011011000000111100
011001100100110000
011001101110110000
011011000100111100
011110000000111100
000000000000000000

@1000
111111111111111111
100001111111000011
100100111111000011
100110011011001111
100110010001001111
100100111011000011
100001111111000011
111111111111111111
